Multiple size <= 100
TEST 12 ARG:42 10 30 96 33 48 36 93 95 5 52 15 99 82 24 54 69 43 19 32 85 37 98 80 17 46 86 44 60 73 79 20 9 13 22 1 53 41 67 57 87 66 75 70 65 14 26 7 81 4 68 6 91 71 83 90 72 49 55 59 64 58 77 16 89 31 25 39 50 78 40 18 88 56 3 8 34 12 63 29 97 61 74 0 27 47 51 94 84 11 35 45 21 92 76 38 28 2 23 62 
TEST 13 ARG:19 18 83 85 82 48 61 36 12 25 14 22 39 58 1 98 73 66 77 6 62 59 27 5 96 93 40 21 88 46 63 30 4 47 16 56 92 38 78 75 80 69 24 49 54 74 51 71 89 8 67 26 50 64 52 15 0 81 2 41 55 57 79 86 43 3 91 11 28 70 17 94 7 31 95 29 68 65 10 33 34 32 97 37 42 99 84 76 45 13 53 72 35 44 87 23 60 9 20 90 
TEST 40 ARG:52 22 49 53 37 33 68 20 96 92 45 46 78 24 59 66 79 55 4 54 71 57 76 38 17 7 1 93 77 44 31 58 26 13 40 25 36 50 3 81 73 82 10 86 91 62 2 39 90 72 27 48 95 32 12 83 70 74 61 80 34 19 75 97 63 18 67 8 29 6 16 11 64 15 28 14 84 89 5 65 69 51 23 47 98 43 21 99 41 60 30 87 0 9 56 35 88 42 94 85 
TEST 44 ARG:93 30 17 43 60 9 84 33 50 98 96 10 25 27 87 88 86 75 57 35 78 45 28 36 62 13 46 90 0 18 24 22 80 48 21 82 72 15 5 85 34 67 68 14 66 89 74 59 19 1 11 12 95 42 99 94 2 55 32 8 61 20 41 53 51 97 52 58 65 40 76 16 39 71 29 73 44 38 31 37 79 69 70 92 7 91 54 47 26 83 49 63 6 56 64 81 4 77 3 23 
TEST 49 ARG:77 34 8 63 55 38 26 7 94 70 81 96 33 44 37 62 98 36 68 93 20 15 35 50 74 95 92 6 75 57 80 47 43 58 46 9 49 13 64 59 73 60 18 0 32 82 90 84 79 54 83 48 31 17 91 5 11 29 69 42 66 45 27 12 14 21 78 72 86 89 19 97 16 41 40 52 99 25 88 85 53 56 10 76 3 30 61 39 67 1 4 51 28 23 24 2 22 71 65 87 
TEST 68 ARG:43 58 95 82 93 55 45 50 40 10 31 4 46 99 63 3 54 59 68 97 23 77 88 39 11 62 21 5 56 38 85 19 8 81 37 18 79 83 34 89 73 7 86 26 76 25 12 20 17 57 84 28 15 0 41 51 47 36 96 69 27 6 29 74 78 52 24 71 32 61 98 94 65 48 90 22 66 60 13 42 92 16 30 44 35 53 2 70 9 33 87 75 67 91 1 49 72 14 80 64 
TEST 71 ARG:88 49 36 70 84 20 6 11 15 3 57 38 17 41 45 2 24 47 62 91 43 26 94 34 64 1 79 87 59 9 10 99 68 74 21 8 12 73 93 60 42 95 18 46 85 23 30 33 90 19 56 72 98 71 35 67 4 89 82 27 65 55 69 31 96 44 66 28 77 52 92 86 39 29 13 50 7 32 40 63 58 78 61 5 37 22 76 51 54 75 14 48 25 80 97 83 0 53 16 81 
TEST 79 ARG:23 47 44 38 82 90 20 25 72 31 98 17 94 16 86 73 67 56 41 58 64 53 59 2 37 11 0 28 87 4 14 26 8 61 71 48 54 88 92 15 43 65 9 91 5 45 32 30 19 78 81 7 36 74 97 24 34 69 80 63 89 83 1 93 66 62 40 85 42 33 95 3 51 70 21 57 49 50 18 12 46 29 52 22 79 10 96 55 68 99 60 35 75 76 27 39 84 77 13 6 
TEST 81 ARG:26 90 80 43 68 79 70 56 25 6 18 97 10 82 66 48 59 39 78 5 52 64 54 28 86 21 7 88 63 40 11 35 29 51 49 17 92 65 46 30 1 15 14 98 93 76 81 87 34 33 44 58 61 91 16 8 32 42 20 19 85 13 23 45 47 95 4 24 50 99 0 73 69 31 27 2 96 62 9 72 77 37 84 36 53 12 55 60 41 67 57 75 71 83 74 89 38 22 3 94 
TEST 92 ARG:68 28 47 33 91 71 2 70 21 67 97 83 74 62 3 56 35 41 90 17 55 89 32 64 72 20 48 44 10 53 94 78 58 4 73 93 75 24 42 14 38 26 69 15 86 19 46 8 0 39 40 30 99 54 51 36 43 76 77 11 59 9 34 13 63 37 18 5 82 84 50 85 25 22 57 7 23 98 29 66 88 60 27 65 61 52 49 16 87 45 81 80 95 6 96 31 1 12 92 79 
TEST 96 ARG:32 1 71 97 94 48 58 19 44 91 79 11 65 80 55 77 73 20 40 62 24 93 95 72 34 36 28 61 27 54 45 78 53 16 13 86 31 51 60 49 87 37 92 6 12 57 18 3 15 46 26 89 66 38 69 64 81 67 39 42 76 56 21 29 25 47 23 63 75 68 35 98 52 9 0 5 17 41 4 43 84 50 96 90 83 88 74 99 85 30 59 2 70 82 14 10 8 7 22 33 
TEST 128 ARG:72 59 53 44 66 20 35 47 41 61 65 85 25 18 76 87 83 60 9 24 11 23 98 75 81 91 68 14 88 12 16 45 86 89 84 30 10 42 36 6 82 64 13 57 15 97 27 55 93 21 62 52 32 7 19 79 78 90 69 71 37 54 28 77 0 46 49 5 8 99 26 50 95 1 80 96 56 40 3 67 92 58 48 94 4 74 22 39 34 31 29 33 38 73 70 2 17 51 63 43 
TEST 172 ARG:6 40 24 3 27 77 78 59 34 29 95 26 15 75 76 84 49 32 55 82 12 64 68 70 98 66 69 9 91 86 67 63 80 73 99 17 35 51 28 83 7 62 4 5 52 18 43 58 65 94 20 72 47 1 85 38 41 16 71 57 44 13 48 0 36 30 31 37 50 56 22 88 93 11 74 39 97 79 87 21 60 14 23 10 61 46 45 92 54 33 25 19 42 53 96 90 81 2 8 89 
TEST 174 ARG:46 53 43 51 34 65 64 78 18 28 60 90 3 39 71 67 7 26 20 0 95 8 2 72 84 96 55 66 70 73 99 42 37 49 14 11 30 56 80 41 61 5 62 1 98 92 89 68 58 40 86 76 16 27 45 82 94 50 4 31 97 63 15 87 6 21 33 88 48 93 74 24 29 12 79 57 85 75 81 10 54 44 91 32 47 83 22 69 9 77 13 38 23 59 19 52 25 35 36 17 
Multiple size <= 500
TEST 1 ARG:74 -34 -141 221 126 125 6 -12 -41 -206 26 240 -127 133 -194 -134 -175 -162 40 -200 54 194 4 -88 241 -74 -99 -73 -149 105 -111 174 -180 65 -226 -3 118 222 -243 -197 67 -125 -46 -190 -50 -119 172 -80 -92 -94 -124 167 121 20 -107 139 59 -132 17 24 -11 -10 61 -1 -195 211 -168 51 -68 101 -225 70 230 218 -145 215 38 117 187 -177 108 46 147 196 7 161 238 10 21 -165 -160 236 242 98 15 -196 -139 -123 -155 207 137 -85 14 -5 136 -199 -69 -192 86 -60 27 -90 -216 233 75 171 -150 140 -189 81 35 -156 -2 177 -249 195 -101 203 -135 87 -242 -26 -161 186 -237 129 -138 -15 97 155 141 -205 163 -40 -103 135 197 69 -147 -146 -174 88 134 -30 -246 -106 209 150 232 -126 -36 -212 -89 -213 -49 104 -122 34 110 39 -75 173 -87 -13 145 -9 -229 168 -118 151 -221 -172 -45 210 214 37 -201 189 -171 199 226 99 179 201 -47 76 -232 -245 -53 -96 -198 143 -173 166 -32 33 -203 223 63 -219 -211 -83 -186 138 48 -222 -33 -224 83 -231 78 -215 13 96 -120 -176 28 -191 158 36 153 11 73 -56 -93 193 212 -112 80 -117 178 160 148 -59 113 56 -142 -67 5 180 124 -57 154 -164 219 -97 -65 47 111 -169 190 -82 19 -35 -8 206 216 -244 -44 89 91 45 -113 44 32 -170 -110 22 9 -210 -238 164 -131 132 144 -37 95 -218 25 -185 -187 225 66 243 12 57 202 239 58 30 -207 102 -227 -163 -182 -188 100 -250 -70 -153 -148 -7 -51 115 191 72 -228 120 208 247 -64 246 77 -38 229 84 -28 -18 112 156 -77 131 188 -137 -151 130 -202 68 234 -72 29 205 162 -81 116 -247 231 2 -24 123 -102 -235 -136 -236 -48 -27 192 146 -152 64 52 249 53 43 -52 -63 -217 -178 85 -233 -100 -16 -76 -29 60 159 -91 142 41 183 -181 -129 -61 3 220 -17 -167 -159 127 -105 200 -204 50 217 -31 -114 42 -39 18 -158 62 -140 -42 -6 -21 245 122 -55 -104 92 -78 -66 -184 -43 -86 -20 169 -143 82 -4 106 182 175 204 149 -62 -98 235 248 -209 90 -14 79 -115 -193 165 228 49 128 -179 -108 31 184 109 176 -154 224 23 -230 93 -130 -22 119 71 107 170 0 -183 103 -116 185 181 -241 -79 -157 227 -25 -133 94 -208 -128 -121 -240 -239 -109 16 -234 -214 -144 -220 237 -84 -166 -95 -23 55 198 -58 152 -54 8 213 -248 -71 1 244 114 157 -223 -19 
TEST 2 ARG:186 82 -226 -41 114 247 -174 -102 -55 -86 -134 228 -62 -51 171 -169 226 -65 43 -48 -101 248 239 -99 185 -107 -45 -176 215 -146 235 200 106 133 -143 28 74 182 192 29 237 221 -90 202 -221 -23 14 -140 92 -15 -93 85 -28 -129 -70 89 31 63 -76 183 140 -236 150 219 187 -141 81 -7 191 17 236 159 -36 190 -246 -85 115 -154 18 -204 -223 54 -44 -185 35 -69 84 222 99 -235 -201 199 98 61 93 -46 -87 -97 142 203 67 112 -6 154 26 224 -214 201 -43 -179 -30 -42 -54 170 -224 195 25 181 -200 48 -104 -110 -121 109 213 42 91 64 -20 139 97 -49 -238 -208 -34 -167 -2 16 80 -5 -225 -118 217 -117 249 0 37 -144 -183 -9 105 -216 -84 -206 246 119 -166 56 -131 96 214 44 -203 102 -165 -237 -10 156 -249 -192 -195 -58 -27 -189 -222 -202 86 20 -197 -39 -156 130 79 132 -198 33 -233 225 -98 223 60 6 232 62 -77 -116 -130 13 -78 21 94 172 -79 8 11 -194 -210 -181 136 -196 229 -72 209 -178 -123 -18 103 -193 57 127 -115 -161 206 69 46 -139 231 129 -219 88 -241 55 -171 78 -147 -89 160 -108 -242 240 125 -160 135 144 -173 -170 -205 101 -239 152 151 -35 76 -63 116 -175 165 77 73 -73 68 -215 7 -211 -3 32 10 -17 -120 71 -182 9 227 -220 -158 238 205 -1 72 -14 -50 -228 157 -31 -83 -230 -245 -207 104 -177 -47 59 -132 -243 -80 122 218 -151 134 -232 95 -95 -212 -82 -209 137 -96 118 126 111 230 -60 -94 -53 143 53 -250 216 -29 179 -229 -148 90 -113 -92 178 -37 36 -153 -138 49 -149 -109 197 51 -33 242 -184 -26 244 38 -66 184 176 -248 -136 121 145 189 -103 107 24 241 -22 -57 204 -128 -213 30 -163 -59 -112 163 -114 -190 194 233 83 4 -19 19 -157 45 141 -168 -111 -172 -13 180 158 173 -11 113 -125 -52 -75 1 -122 208 -24 -191 -91 175 146 193 110 147 12 3 245 -67 131 168 120 -137 -186 164 162 -21 177 58 211 153 234 167 196 -12 -164 -74 -100 -155 -106 -199 -217 50 39 -38 23 -126 210 -105 -16 -240 128 47 155 -234 41 123 161 174 -68 34 -8 -142 -32 -81 2 -162 -188 198 100 -187 -247 -25 -71 124 166 -145 15 -218 138 -150 149 -180 108 243 117 207 188 -127 40 -61 5 -133 -40 169 148 87 -56 -124 220 65 -119 -64 70 -227 -159 -135 66 -244 -152 52 -4 75 -231 -88 27 22 212 
TEST 3 ARG:197 -13 -119 -230 46 160 -73 -245 1 54 187 202 -159 -24 139 -115 44 91 48 135 -48 -144 -4 -247 170 -208 -242 39 97 102 -90 -155 36 65 -68 241 -134 -219 175 -31 -53 45 -33 118 -95 -101 128 196 -210 -131 88 163 -65 -243 66 -55 -156 -30 116 74 131 110 147 42 58 -151 114 -38 206 224 246 208 221 -248 -87 -249 146 227 85 93 -71 -192 -188 -42 -39 -143 228 -121 -78 67 -74 235 -141 -205 -193 14 238 -150 -80 47 119 -64 -140 -129 176 113 216 -106 192 -18 184 -124 -130 25 -32 178 -107 -72 154 -94 156 -168 -118 -153 9 -198 -47 84 22 141 -104 30 -162 -161 -181 211 16 236 -7 -220 -187 107 35 -178 229 103 249 -84 -41 148 -21 237 -217 -135 31 167 233 -197 -239 23 198 -214 149 223 -57 95 64 -179 -28 240 50 -99 5 127 62 203 157 100 12 -105 0 242 -23 -237 244 -222 -202 112 145 -136 -5 -138 77 -26 -238 -139 10 217 32 -102 153 179 186 -2 -17 -212 -109 -70 -81 169 -61 -52 -199 -209 -45 80 -133 -91 41 245 -110 94 220 11 -189 205 -213 -76 189 -97 -137 72 -185 210 248 182 -103 2 -216 214 82 219 -218 174 111 -50 152 -46 7 75 136 239 -75 -215 -173 -10 -224 130 -77 83 -226 195 193 -29 126 -244 99 43 -22 120 -60 98 -186 201 -246 204 -196 96 -11 87 59 122 56 -25 69 81 133 101 -167 92 218 -126 151 17 105 -157 -12 20 -228 61 -174 -85 181 -160 63 -146 -132 159 225 -152 -235 164 209 222 -112 -83 -201 -59 76 -225 121 -15 -96 137 -221 -66 -207 -147 142 -120 15 38 -164 125 -67 -82 226 34 -182 150 109 104 180 -44 143 -9 -14 -35 158 -200 89 18 -117 -36 183 86 -127 -175 213 -40 -231 -89 -169 144 -163 -206 28 68 190 155 -58 -108 29 200 37 -227 -79 -125 -20 55 -170 134 -148 -92 57 230 -56 173 140 -194 33 -37 234 -19 26 -171 71 165 21 138 166 73 78 -190 -191 4 -203 215 -165 -8 60 -86 194 -49 -195 79 -122 52 53 -54 24 -240 129 -211 -236 40 -16 161 -177 6 -123 106 -88 -128 123 -111 117 49 171 185 3 -69 207 -183 -98 -6 -43 172 -145 19 -51 -229 -172 188 -154 -232 13 -100 168 -62 -27 232 -166 -204 -3 124 162 247 27 177 -149 212 108 -158 -34 -241 -250 90 -176 51 -1 -234 8 243 231 70 -93 -223 199 -116 -63 -113 115 -184 -142 -233 -180 191 -114 132 
TEST 4 ARG:153 99 115 -146 -116 -170 -246 112 -202 142 55 -235 3 -194 165 9 -114 -101 45 -192 105 147 67 -45 -39 -163 -42 109 235 -4 181 -173 -33 -57 197 -216 -178 -237 53 -177 -61 -160 -85 166 187 243 140 -111 100 184 111 135 -112 -105 160 210 -165 -72 20 226 16 -242 73 -23 -190 -37 -212 132 146 -145 -193 230 130 239 93 -180 86 247 -15 125 -58 -203 -220 -156 -60 -22 189 159 40 -139 -247 50 -102 -222 -141 -184 -215 167 -230 -115 -38 136 54 205 -199 221 150 -239 89 81 -7 110 70 97 154 -64 -245 211 -117 38 71 -195 42 -25 -12 188 137 171 174 190 -30 7 62 -250 -171 -172 219 -91 -213 13 -17 -88 28 -121 -65 -52 185 -108 151 -207 143 46 -214 -10 27 85 -98 61 -31 201 -63 -27 -129 231 -83 122 -127 11 0 238 39 -110 118 83 2 103 -153 6 56 177 -158 88 155 124 119 18 -14 106 209 229 191 -229 -248 202 212 175 -201 -90 -1 94 217 241 65 -206 199 -181 246 -136 32 152 -128 -113 -19 162 204 -68 4 -77 -79 207 37 249 245 208 -211 215 -104 182 -21 117 178 -174 -224 -244 -55 -5 133 57 60 -179 -32 -240 98 69 222 64 96 49 163 22 -227 104 47 193 -87 -236 -238 -34 -228 26 92 234 78 -20 -176 220 -13 -126 242 -43 200 19 173 -175 -84 72 223 224 87 -75 -225 -86 -188 123 -3 121 -131 82 -124 -100 -234 14 -51 -35 -186 131 -166 51 5 -120 108 24 43 186 -46 144 -159 -130 148 30 225 -40 228 -221 -125 -59 -122 113 75 -107 102 149 -70 -119 -167 -62 -204 -134 84 -24 218 31 -169 80 25 -152 158 -168 -6 161 90 179 29 237 -44 -137 -92 36 12 -219 -73 -56 233 206 -74 244 -54 58 138 -140 41 -95 66 127 -16 -49 216 -189 -151 74 -29 -106 180 -183 120 -162 15 -103 -82 35 95 -71 -18 -26 -226 107 -143 59 -11 168 134 -197 -148 -78 -182 -109 52 -191 203 170 44 -142 -155 145 -243 77 -28 21 196 -210 183 -198 194 -47 -149 -9 -150 -157 -118 -249 -8 232 141 -48 236 8 248 79 192 -208 116 -97 48 -99 129 -185 227 -132 128 63 -138 156 76 195 -205 114 -241 -218 -2 -96 -200 176 213 -231 -66 214 -50 -135 -154 -144 240 198 -161 -233 -164 -76 -209 33 -196 -187 -69 34 -89 23 169 17 -94 172 126 -123 139 101 -53 -217 -41 157 -133 -147 -93 -223 -232 -80 -36 91 -81 164 68 10 -67 1 
TEST 5 ARG:-70 125 -114 82 -178 -205 -217 -19 -34 -96 16 -103 49 -76 -192 118 138 -8 186 224 -77 -78 223 -149 183 -119 -79 -121 -176 -142 128 -71 31 22 109 -185 17 127 78 99 -143 107 40 243 -150 -224 105 -189 190 106 45 -107 101 -240 192 136 165 -45 93 -88 246 218 236 189 -175 -228 -145 -90 -229 9 -196 34 214 53 18 196 74 249 -122 181 70 131 -221 242 38 -248 175 103 30 216 57 -61 155 76 -2 -168 -84 -33 -54 -73 -82 217 199 -215 207 42 154 -113 -118 26 141 239 -235 68 162 197 20 97 -202 91 113 -35 116 -49 -220 147 -105 -72 -246 -67 -167 -56 21 84 -138 -182 -249 169 -116 221 209 -60 58 -133 79 -127 208 -106 -16 172 3 -245 229 241 247 -152 140 -63 5 0 210 215 123 180 7 -110 44 -74 211 126 185 -223 -125 178 -130 231 87 -43 110 -75 227 -154 -65 205 -62 -147 -92 156 -131 -126 75 -64 -59 -111 200 -139 88 149 203 -14 173 86 -151 145 -244 -243 -26 -162 81 83 152 -165 -44 168 139 248 129 -250 219 -146 -184 90 -155 -136 132 -42 160 119 10 55 -232 28 -104 -9 -40 -85 -164 244 -206 41 222 111 233 -187 -4 -66 -161 -173 -10 -115 -170 -213 2 15 85 59 -83 -210 240 -50 56 -22 -209 -137 -11 51 -140 -141 104 100 96 -5 -180 163 -211 -198 194 8 19 -53 65 -93 -52 -21 -32 -120 37 -31 -6 -15 108 232 -158 61 225 -30 77 48 117 -148 -129 -171 12 -69 35 -179 -135 -207 -153 121 -108 204 230 153 -194 213 -100 226 -7 -132 -57 237 170 -204 43 62 92 -20 235 -188 -24 -166 98 -186 -81 -225 -174 187 64 151 -36 -117 -160 146 120 -123 -91 193 -23 -216 -27 -55 130 -18 198 102 -28 39 1 -242 60 4 -234 206 -68 -109 -226 -233 159 182 -195 -17 25 228 66 158 -247 -219 -236 -128 67 -230 143 188 174 -183 -169 -13 124 89 238 -156 36 94 24 29 177 -41 33 -1 -51 -38 164 191 54 -37 -102 195 -12 -48 -46 80 -89 -238 167 171 161 -47 69 -200 -97 14 -101 220 -181 166 201 -218 -193 -191 -58 46 -86 72 -25 142 115 176 234 -172 -99 52 202 -87 -134 -144 212 184 179 50 -159 23 150 32 245 -3 73 -29 -197 47 -212 13 -214 148 144 95 6 -177 11 133 -157 -239 27 -201 -237 -199 114 -80 137 -98 -208 -94 122 -39 -241 -95 135 134 -163 -227 -124 -190 63 112 -231 -203 -222 71 157 -112 
TEST 6 ARG:-108 -70 -101 84 -39 180 245 -14 81 -55 -20 -136 60 5 196 -61 160 -212 -241 -154 203 -215 48 107 204 33 242 -247 -22 146 -228 -231 213 168 151 -89 -185 188 174 -43 184 -229 -25 91 229 -13 -208 -203 201 -176 -51 127 116 12 143 6 -248 9 209 82 -64 90 141 244 -62 -60 158 30 -10 -178 -123 214 -147 38 -166 32 63 43 231 -148 167 8 -198 169 200 -202 -184 145 -134 -56 -192 10 -77 -111 185 79 -238 -128 137 -41 25 138 -23 -27 -100 172 -242 199 -145 -35 124 -230 -121 103 193 140 162 134 131 -246 69 74 182 198 -149 -167 152 1 -99 93 -65 -132 73 176 31 -37 35 170 -6 94 -199 -175 -250 59 36 136 -80 -180 34 -106 115 -105 -117 -49 135 -137 -217 220 99 -239 153 -227 -165 -233 113 96 -74 -127 -57 -26 64 -162 -181 -78 149 28 -222 -45 -7 13 -138 -195 -221 89 58 -68 178 -38 212 -11 237 -207 -211 226 -144 207 -118 37 23 -4 247 177 -183 -133 -220 -223 51 -79 225 -75 -156 238 -46 164 175 114 -243 206 173 -244 -224 52 112 54 39 -91 -9 -66 249 -157 223 -109 21 -174 -72 83 47 -164 -94 -209 -196 -107 -219 133 202 -131 75 165 -17 -96 11 -150 -54 106 -31 76 190 -125 -21 7 -95 -153 -19 129 65 86 80 205 19 -112 123 -170 -44 191 147 -237 102 163 4 110 -32 -160 -232 156 -34 -115 -139 -124 -103 -36 22 -53 -52 -30 40 -213 122 155 -120 -177 -206 142 228 -83 235 -179 108 189 -172 71 -141 126 104 -86 95 -168 -110 -90 119 171 55 15 118 -235 -1 -191 227 101 14 -240 246 41 70 -87 -102 -18 132 -146 109 88 217 -226 -113 -169 150 222 144 0 -50 236 -59 -47 -48 -201 157 128 53 -63 -205 97 -2 230 -161 -187 56 161 61 45 218 187 -188 -92 -142 -218 -69 159 -122 68 -114 17 -129 117 -84 -234 139 179 195 216 121 -42 49 -182 105 -116 -98 -93 57 -16 -33 72 -151 243 194 42 66 -194 -249 -40 -126 -186 181 18 240 -82 125 210 -163 -28 221 -225 239 148 -12 211 -210 85 215 241 208 -29 192 -171 -143 183 -85 -97 -73 3 46 -15 -193 120 -197 -204 67 -140 29 154 -152 -158 -135 78 -119 -245 -88 224 77 -8 -24 197 -76 16 -173 -159 100 166 248 232 -58 -5 44 98 -3 -190 130 26 186 233 -214 -67 219 50 2 92 24 111 -189 27 234 -200 -81 62 -236 -155 20 87 -104 -216 -130 -71 
TEST 7 ARG:159 -139 227 -134 246 208 -74 119 44 -76 -154 -224 41 -142 -71 -199 184 -133 -170 -188 93 233 -97 -11 237 1 -165 5 -27 134 -218 -232 10 -120 -19 92 -207 37 157 -243 170 29 235 50 -42 125 -191 151 142 -163 224 -66 16 62 65 35 -16 152 15 -35 174 -98 -152 66 102 -137 -4 -105 109 129 -228 201 -29 -118 -209 14 -176 -204 107 -30 -24 -38 -99 -225 189 105 38 210 -20 183 -115 -245 206 -103 -186 -81 -70 219 -69 211 7 232 -43 -192 -202 213 36 68 -221 145 -222 202 -62 -119 -249 -90 -110 122 -85 -49 -83 -197 -6 20 130 11 -179 -67 179 -32 -241 -95 -234 156 172 103 -240 182 0 -149 33 128 98 -210 -185 -28 31 161 188 99 3 116 185 76 -171 -56 -229 173 67 96 22 70 212 117 176 -190 115 -220 139 -79 -77 -36 -106 -248 -159 -128 -195 220 -196 89 -212 248 56 -47 236 -233 225 -184 46 -236 9 -17 158 -193 112 -213 87 148 239 244 81 242 -183 -114 -82 180 162 -167 123 19 27 226 -189 234 73 -10 -104 18 200 -156 79 -37 -182 -177 203 59 114 218 205 193 120 2 77 -161 55 74 -123 138 -235 133 153 199 -26 238 243 216 -39 228 -53 190 39 -80 126 47 -40 194 -86 -51 -112 144 -126 8 53 -34 -130 -208 141 -96 -214 -68 -75 -15 171 100 -162 -73 207 75 143 -1 231 -211 69 -60 -84 -138 110 160 -155 154 45 197 -72 63 51 -2 131 166 -48 -135 -94 150 -194 -219 -239 132 -242 -122 169 97 181 -127 -13 26 -230 121 -111 -9 -61 -12 24 -129 196 88 -45 -116 -164 -125 -93 -145 -172 48 90 195 58 191 136 6 137 -223 146 -200 49 -113 -117 -153 -247 -201 -91 -78 245 -169 82 -132 95 64 61 -5 -58 -44 -7 -57 17 -65 124 -8 -141 -46 -158 222 -25 230 229 -140 60 -107 -216 -14 -33 178 -89 71 -231 -108 168 -150 42 -101 -144 34 32 -143 43 -244 -217 23 -100 -18 209 147 -121 240 -198 -168 -166 223 -246 -227 -63 91 249 4 163 155 -180 52 21 135 -250 -54 101 12 -64 -136 164 187 113 -31 106 -160 -205 -178 118 -147 -87 108 149 -226 204 104 167 -23 -55 -41 127 86 40 -174 78 25 -59 -151 -52 94 -131 -148 -206 -22 -102 -50 -203 247 -146 175 -92 -109 -157 85 217 221 140 -124 -181 241 54 13 192 84 30 -238 -215 57 -173 -88 80 165 177 72 -21 214 -237 186 -175 -187 28 83 215 111 198 -3 
TEST 8 ARG:100 -69 228 -132 104 -184 -134 -136 166 -165 180 -168 -30 -245 33 -228 39 165 -150 -217 -120 -240 -86 -97 -116 -36 201 -81 -140 20 154 233 157 -84 102 -248 -58 40 214 150 86 -247 -124 106 246 94 199 -77 225 -64 57 178 -10 80 -235 149 192 1 -54 -201 203 -34 179 25 84 193 52 135 -167 -19 -110 -158 -85 146 89 -163 243 -78 -63 -199 125 -26 -222 -180 176 -104 188 -246 119 175 72 200 226 -89 -166 209 -139 98 204 -236 -122 232 -189 85 -186 -243 156 210 -128 -39 10 -225 -170 224 11 147 128 161 240 -7 -48 -200 -92 112 -233 -173 45 -56 148 -157 -105 -70 113 -72 -179 26 164 27 83 115 -52 75 221 -230 -208 -51 196 14 -62 197 -44 -53 186 46 133 -175 3 158 187 152 -123 -250 -3 -216 92 215 18 -16 171 122 -218 131 -96 -98 -196 -212 172 70 76 17 -213 -20 5 31 -242 96 55 -153 -145 -149 183 134 -151 81 109 -249 78 -221 28 -152 185 -229 -127 -31 116 -237 222 87 24 227 -143 121 -111 105 207 141 54 41 126 153 -43 -27 117 -202 90 -1 120 -22 -75 -88 142 -59 169 159 237 248 -171 -197 -244 235 79 -18 93 -146 36 6 -65 -90 42 -232 -23 -100 244 91 -142 -71 206 177 -131 44 213 103 -37 -35 67 63 -24 -79 247 -161 22 65 -204 -219 37 -60 -194 12 -226 143 101 -73 -210 -154 -80 129 140 35 16 114 -182 -95 -2 -57 219 -164 -55 111 137 -211 -192 231 -147 -17 -8 108 132 -209 -87 -162 208 -214 -114 -130 97 56 4 144 -45 -187 -112 136 50 0 -205 -238 -49 -148 202 -193 107 82 -176 43 -91 62 73 -14 -67 -66 229 49 245 168 -33 -117 138 205 -241 -227 -38 -141 220 -181 71 194 234 -177 -195 -191 -239 189 212 32 -12 190 53 124 238 -103 236 -129 -234 -50 -41 -125 -46 29 184 -224 -155 -9 191 145 -121 48 7 -135 241 -47 162 198 13 218 151 -11 242 59 64 -178 69 60 -183 -99 -42 -5 174 19 -185 118 -32 8 2 170 173 -223 216 -102 -188 182 -138 38 223 249 99 -40 -220 -29 160 123 -115 155 -126 -159 -15 -21 -6 -207 127 34 -172 -93 77 74 47 -82 -25 230 66 51 239 15 -76 88 -101 -61 -68 -174 61 163 -190 -94 58 -198 181 -119 167 30 -4 -118 68 95 -108 21 9 -83 23 -133 -106 -137 -74 217 -109 -13 -28 -156 195 110 139 -113 -203 -215 -169 -144 -160 -107 -206 211 -231 130 
TEST 9 ARG:-145 -38 -181 106 -190 141 221 5 173 -180 -177 -116 159 52 -85 -57 54 -201 188 36 -208 119 39 -205 240 125 -40 45 28 -241 51 186 133 46 -107 21 -126 -149 -52 85 108 16 103 -170 148 67 38 110 150 -199 -223 -11 230 58 -24 -25 233 243 -179 140 129 121 178 -17 -41 32 -160 83 180 -198 -111 -249 -67 224 -46 -132 -123 57 48 -58 166 197 24 44 -213 -243 -146 149 134 27 49 -211 -1 -5 -189 2 -6 214 -244 -128 176 247 -73 -127 105 203 -27 -167 -47 -91 -238 136 -210 6 74 -232 64 93 -108 -141 18 249 3 -175 -131 -176 -151 -186 81 237 248 -197 209 75 -22 61 -71 222 34 -216 -235 179 55 -161 -224 73 172 88 91 -136 111 216 245 -109 -16 -76 -221 -237 -203 -240 -133 -142 96 -192 116 189 -202 226 -230 -43 202 10 -158 82 62 -112 -3 231 210 138 -77 -206 196 200 154 -118 177 183 187 -103 -196 107 23 -59 -37 -159 112 47 199 76 29 20 -35 156 239 -74 -171 -63 -106 -19 95 -86 211 -33 114 169 -81 87 -124 -8 -246 -122 -82 -152 59 -72 56 66 26 -153 -187 -2 -44 208 -195 -218 99 204 -121 190 -154 17 191 165 -4 145 246 -143 100 -215 -214 163 15 -193 -100 -79 219 68 78 19 201 -134 205 -89 -229 -247 -60 131 -144 126 -96 -75 -164 -166 194 164 -9 -14 192 40 235 89 143 -233 -194 182 -83 161 63 127 -125 -182 -84 -50 -34 181 -7 -140 30 -129 -94 -45 -165 -66 236 123 227 139 86 153 -200 -62 130 -97 212 -185 -42 147 135 -204 -104 193 -191 -147 -110 -228 -172 223 -117 53 109 -49 -30 79 198 232 -225 137 -18 -31 120 -98 70 167 -168 -220 -234 -20 35 -55 60 -99 12 90 -155 -115 218 -119 84 -36 -26 115 229 -95 228 97 -70 -32 217 170 -169 41 142 -78 -250 7 -188 69 128 206 33 171 -61 -87 -105 124 -102 162 155 71 -239 -231 -148 158 -173 -245 238 -209 -48 -90 -21 -138 244 225 -13 102 -130 -80 -222 -114 -56 -157 65 -162 -53 -236 -12 -92 -207 -68 -137 -227 -135 50 4 220 -69 207 213 184 242 31 174 9 -51 92 11 72 -28 101 -248 146 -184 -101 43 -163 1 132 77 37 -219 94 168 215 -120 -212 -217 -23 98 -29 14 234 104 0 -65 175 113 -174 144 118 117 -10 -183 185 -93 -39 195 151 -88 13 8 -15 160 241 -113 -178 -242 80 -54 42 157 -226 152 22 -156 122 25 -64 -139 -150 
TEST 10 ARG:83 163 -236 -202 -73 -149 -62 58 159 -139 187 192 -134 181 -70 -179 -175 170 -172 -212 29 -69 -189 -130 -167 -86 -65 53 17 175 11 94 149 -148 21 -10 -59 -78 229 -75 -6 -41 195 245 -88 -76 18 -234 82 104 85 -226 -136 -207 -145 -126 213 -120 -131 36 110 176 236 201 99 -66 237 -239 12 249 65 115 48 -191 -63 -169 20 -128 -100 -50 218 33 194 23 190 -56 -83 97 -141 -250 31 -89 -18 112 -7 139 166 -230 78 -142 -220 15 222 -147 90 -91 189 -44 93 -24 40 26 -12 171 -195 -221 -216 165 -246 -171 13 -129 -117 153 -192 -32 113 -82 220 154 -58 59 -74 39 174 100 -114 -57 -125 232 -209 -152 7 -27 -34 -42 124 -127 -135 202 118 34 43 16 143 -22 -53 -25 8 122 177 77 241 -196 81 62 -85 106 198 -219 -107 184 210 -225 128 -121 248 209 155 -163 3 44 173 27 -35 -243 -115 80 227 215 51 70 -123 117 172 168 88 -47 73 -247 -146 -102 35 72 0 140 -51 -200 102 -231 127 -38 -15 103 225 196 203 -165 126 -160 -13 -109 151 -61 38 -188 -16 66 -238 -224 185 -158 -193 226 -9 111 141 -40 89 -116 -205 -174 -182 -198 164 -105 9 49 -248 108 206 247 -54 -20 -119 -197 -99 132 -113 -199 -140 -106 -108 -19 63 -17 -21 -112 -95 -94 233 47 -159 200 -227 -80 199 158 178 -144 -249 130 -43 -5 136 -235 -194 116 238 -244 -166 -228 244 101 37 -180 -8 231 219 -154 -104 -45 -101 133 186 52 -214 22 197 95 -64 214 188 180 -60 32 183 -203 -81 -3 -79 -33 156 212 -39 -14 -157 -29 193 205 -201 87 235 -98 -187 -77 71 -52 -161 46 230 -92 -2 157 1 -232 114 75 207 169 42 19 240 92 -103 137 -150 -71 107 54 167 119 -222 -181 -93 -204 -206 -184 60 -110 191 -37 -138 125 68 -67 109 -177 -241 -97 -233 228 -164 25 144 142 -143 -1 -55 -242 204 -170 -178 91 56 160 -218 64 145 105 -229 -237 -111 -240 -208 234 242 -155 10 246 -211 28 211 79 -87 161 84 150 -215 217 -124 121 -48 4 2 -84 162 -132 -162 -190 243 41 -68 -36 -30 -151 24 -186 208 221 55 -4 138 -31 120 152 -72 -46 -90 -118 -213 -96 86 -153 147 61 57 -185 -26 216 224 67 -133 -245 -168 50 96 179 6 45 -210 -11 123 129 -137 -217 134 76 -183 146 223 182 135 -49 131 5 -176 -23 30 69 -28 148 74 -223 -122 239 14 98 -173 -156 
TEST 11 ARG:120 64 -89 52 -18 205 -66 128 -61 86 28 -65 84 -9 176 -84 65 -224 135 -71 -106 39 -162 124 15 -47 -172 1 -104 218 100 237 -226 31 -77 -200 72 -182 140 185 177 198 175 -152 215 -210 95 236 -59 221 -82 -169 -195 -95 -206 -107 -202 -235 10 -185 123 48 76 -36 -111 -153 -203 20 200 -143 66 9 8 73 -134 -139 190 -74 -250 199 70 -241 -207 71 -193 248 -242 26 -188 -1 -219 -145 -234 57 179 -133 27 224 -127 -228 -93 -117 -218 138 112 -217 -110 225 161 157 -116 132 154 220 -247 -29 -157 158 182 235 34 164 -131 -178 -30 -238 103 210 -121 -103 -108 -48 246 -154 -118 98 -79 229 141 142 59 -26 -168 118 -7 -179 -199 231 -54 -92 208 -32 110 -51 43 -148 -50 151 11 152 -94 24 -205 -122 -35 74 234 -22 17 13 -209 -53 105 -147 -225 -183 -6 68 160 -28 249 -249 173 -86 -245 147 121 202 -177 127 -173 233 -163 211 -149 -13 22 41 69 83 37 -38 -236 30 217 -73 49 -161 62 -114 85 -109 187 -101 50 -60 91 55 -141 -191 -19 219 245 -72 116 -208 -100 -70 -49 19 -142 143 44 184 133 196 239 -56 242 186 96 -211 102 -244 104 2 174 -115 148 168 -184 108 -124 149 -21 -221 194 207 165 -42 107 166 206 -68 -125 75 78 125 170 -213 88 213 -239 -164 171 189 90 130 -230 101 -186 -216 21 167 93 -81 4 169 153 -240 89 40 -156 -83 -4 178 -215 77 172 -90 -45 -204 -160 -232 87 226 -64 216 -136 -212 -44 23 241 -176 61 63 -237 244 97 18 240 -62 230 137 -34 -189 -85 -12 7 -192 82 -135 -2 193 -151 32 180 14 -43 -37 -140 -181 -46 60 134 -105 -80 56 -88 183 -99 -58 -233 51 -52 -63 -170 -201 38 -31 -248 35 94 36 195 -198 129 117 -33 -75 212 106 -76 201 -41 162 -180 223 192 -128 247 29 -126 -11 -194 -190 16 -97 150 -16 -20 -187 122 188 181 33 126 0 99 -96 -214 -87 -5 92 54 243 -120 -243 222 -78 -14 111 -171 67 -167 -174 227 209 -15 -39 -229 155 -222 -166 146 -138 -227 12 159 228 115 3 45 79 -17 114 -113 -165 -27 131 -69 139 -150 -220 113 6 -144 232 -55 203 -132 -25 163 -137 191 109 -91 204 -159 -123 -119 197 -112 145 5 -23 -129 -57 -10 136 53 46 58 238 -67 81 -130 -158 -24 25 -146 -246 -231 -3 119 47 -196 -98 80 -175 214 144 42 -155 -8 -102 -223 156 -197 -40 
TEST 12 ARG:-2 -250 -99 -130 -53 -220 38 -30 -192 133 114 -127 241 231 6 -172 -37 -189 60 -13 235 77 -248 70 19 -6 -163 37 64 -46 22 -5 -114 41 193 161 -71 237 86 -244 -58 -32 -162 -199 -195 48 -151 138 26 95 149 -101 -34 -85 -239 -66 8 175 -198 0 -43 130 -120 -224 -223 69 -52 -87 -221 -116 236 -36 120 134 -164 166 -102 76 -72 203 51 121 57 -174 -231 -142 -216 -111 36 -145 -135 20 -54 137 217 207 94 205 -211 -20 139 -209 219 142 181 -125 160 136 -76 240 56 103 -121 116 244 98 -205 47 99 -27 -165 -51 202 -110 -90 -21 157 -28 106 -25 -83 74 44 -19 28 12 78 182 234 -100 113 159 -118 -126 59 184 165 -41 61 194 7 65 -97 52 -246 40 -128 246 91 209 85 -63 141 -93 -141 197 128 -207 -104 -112 45 14 148 145 221 -75 225 -144 108 212 206 90 -154 -152 243 -62 -108 180 -16 -113 215 124 -240 -147 72 -184 126 190 248 189 3 -178 220 97 -242 -203 -132 -81 -89 -64 33 -11 216 -35 129 32 -123 -50 -139 200 29 -173 -105 -39 73 -201 211 53 -86 153 -67 9 -26 -230 112 66 183 213 -122 25 -232 162 228 -22 -136 -153 163 -138 -17 -69 -175 -119 -33 -129 -9 132 247 -74 -65 185 -158 -247 178 -15 122 15 -202 96 -160 -245 -159 89 -170 -7 -171 156 -206 -197 147 -70 -45 87 196 31 81 -249 125 198 -168 238 -236 154 144 -44 -124 -94 105 -140 204 -237 -167 83 119 195 214 218 226 -48 179 80 -40 79 17 -183 -82 -226 -241 88 127 67 -42 -56 -148 135 -24 -77 101 223 50 -29 -191 -146 107 46 49 -235 110 188 -212 123 4 -59 168 191 -196 115 174 -103 143 -229 169 -117 58 249 176 -107 131 -10 -61 187 -194 -14 -91 68 -49 -131 150 -23 -31 -222 84 -238 111 -155 102 -73 23 -18 24 172 -115 5 1 39 -134 117 -137 55 -92 227 30 -225 -233 -219 170 152 -187 62 -227 11 27 224 -188 -55 -109 34 167 82 18 192 -234 177 -133 146 -181 -161 -96 -80 109 93 -179 21 -215 -190 199 -156 -1 100 242 -78 75 151 -12 -208 -217 -57 -106 245 43 -193 164 -169 -228 201 -143 -68 239 -182 -243 92 13 -186 -4 -180 -88 -150 54 118 -47 222 232 2 -204 10 173 140 -149 -60 16 -218 229 -38 63 -3 104 230 186 -200 155 210 208 -95 -166 233 -8 -185 171 -210 -84 35 -79 -214 -213 -176 -98 -177 42 158 -157 71 
TEST 13 ARG:182 -10 -1 -225 -174 -161 -25 -158 237 32 19 40 -71 52 229 73 186 -119 -6 -131 36 23 14 -162 -31 214 -240 146 1 51 -208 -238 -62 -201 -191 -196 195 -152 25 145 -229 -93 -155 -126 -188 -78 -94 -33 -112 184 198 -63 161 26 74 -168 -117 -230 -109 -147 6 -202 -39 202 -222 245 77 -16 155 -189 -52 249 167 113 225 138 211 -85 206 101 -22 148 -13 -74 -8 227 -171 197 -231 183 209 -90 -133 -29 106 10 160 87 -199 172 -187 -150 128 -216 111 178 -69 219 -239 80 165 -41 92 -206 68 234 147 -205 -203 -75 137 -197 13 -20 -106 -47 4 -26 100 108 -12 -120 134 -55 -192 -65 12 79 158 57 162 -104 16 50 105 -195 49 -217 37 58 -242 149 189 -5 -95 -243 -110 -114 144 103 203 -124 -247 -37 30 180 -50 -73 -54 -101 96 18 -214 -108 85 -166 35 -137 -181 -70 -127 -212 -233 60 -250 -224 -76 -42 94 -118 -67 200 -241 11 196 -60 -61 163 82 110 7 -7 -14 201 125 179 95 20 -19 -130 64 -132 17 217 24 46 -97 -28 71 139 159 -84 90 97 212 59 -227 -89 142 -86 123 81 -248 -200 130 38 131 231 216 -145 116 -163 56 -223 129 42 -173 91 119 187 -40 -204 -9 239 185 124 61 83 141 -103 5 27 -49 228 112 33 48 -38 -234 -244 21 -232 86 153 140 -72 104 174 154 8 -122 -66 223 -96 69 136 -129 66 72 -182 -207 -228 -81 -125 -146 207 176 166 175 99 221 28 -59 -53 164 -56 230 -18 -64 192 -210 235 -2 -176 -134 -21 247 -3 -99 2 127 -51 232 -79 118 53 -249 -128 -157 75 244 31 -184 115 204 -46 -175 67 62 -141 15 -17 0 89 -235 -139 117 233 241 151 213 248 114 -111 -44 170 -178 54 -179 -156 43 199 39 76 194 93 -27 205 168 -190 -100 -43 135 218 -237 238 243 215 -107 -135 9 -183 -143 -30 102 -221 -91 -218 133 88 156 -32 -140 193 84 -102 -45 -4 191 -121 210 -82 70 -88 44 55 -170 -105 -36 -136 34 -198 220 -211 41 226 -15 246 -185 -186 -164 190 152 240 143 -83 29 -87 -24 169 -115 -123 -77 22 -58 -116 -153 -226 132 63 -154 242 -165 -180 -159 177 -68 -138 188 -113 121 -57 109 -236 -34 -160 236 -92 -219 -213 173 -11 -98 157 224 -220 3 -209 126 150 222 -148 -169 45 -246 -167 171 -215 -144 208 -151 -194 -80 78 65 -35 122 98 -177 -23 47 -48 120 107 181 -193 -172 -142 -245 -149 
TEST 14 ARG:39 -46 64 123 -167 -131 -171 22 69 187 -71 57 -111 94 121 -17 166 125 -70 -138 -143 3 -161 234 118 119 -226 32 -3 -199 -149 0 -7 -80 30 175 65 173 78 -23 93 196 184 243 -128 -114 -41 192 137 -195 -168 -202 -14 132 -82 -176 -123 220 -16 157 -75 -175 170 -77 -40 -248 -214 105 -30 -27 214 97 227 -142 -242 226 -84 -183 130 36 -36 167 -227 -211 207 -22 136 -8 -174 195 -94 -232 -104 126 -92 -137 53 79 -191 -38 248 -140 -205 -122 100 -229 -155 190 114 85 16 29 223 213 113 245 -49 49 -158 -68 210 221 -134 -151 -243 -88 122 5 -47 -136 -107 62 144 218 27 50 117 -201 178 134 76 -234 -144 199 -11 56 -206 99 4 -163 103 -35 -146 228 111 -245 81 -106 206 -145 -39 233 2 18 181 176 -89 37 -204 -13 -150 104 96 28 -165 -118 -6 222 135 -180 -219 197 193 -132 158 115 -210 231 -208 -63 107 -52 -97 41 -43 -198 -222 241 224 58 10 1 25 -28 34 -212 -173 216 133 -109 80 238 169 203 155 -44 -74 230 51 145 -188 172 -10 -230 -12 63 149 71 209 -223 72 82 232 217 42 -61 -116 9 -220 -125 164 -119 -21 -162 13 -105 73 194 120 -66 -33 -240 152 189 191 -170 -65 -221 -216 15 182 -45 124 95 89 -184 -152 8 -50 -29 148 67 161 112 -194 -67 142 -244 -247 -42 87 60 -213 19 156 163 98 -108 -95 -141 -100 128 91 129 -37 -81 102 77 -181 -192 -189 146 26 55 47 -241 17 -5 106 -238 -62 -133 14 -249 -124 12 -54 -48 165 -90 -239 171 -190 116 -78 -96 -193 -120 225 147 -169 143 -56 -76 -98 38 -115 -32 90 249 44 83 202 244 179 -2 -129 -59 219 74 6 -182 -172 21 205 -250 -85 -64 -218 -73 229 -53 -187 -103 -25 108 20 242 139 -157 33 -186 -203 204 92 -31 -34 35 52 86 -1 240 140 11 -135 212 -79 7 -139 -147 -19 246 -60 -200 200 159 153 -113 -91 185 141 54 31 -160 208 84 -148 239 183 -72 -159 -197 168 186 -177 48 -86 45 -15 -99 236 -9 43 180 -231 70 -121 -69 -117 110 -233 61 68 -154 -207 -83 46 -24 101 -57 -102 -20 -217 211 -185 -127 -246 -179 162 -166 -237 150 -196 -58 198 -51 75 -235 109 160 127 -156 -164 -224 24 235 201 131 -215 66 88 -228 -26 -209 -112 40 59 -153 -93 -55 -18 -101 215 -225 -87 -130 -4 174 188 138 151 -178 237 -236 154 -110 23 -126 177 247 
TEST 15 ARG:-122 218 183 -30 -211 -32 63 -43 12 -40 -54 -38 -156 121 114 117 78 153 235 -218 100 -92 -233 191 -216 -37 168 146 -180 -27 145 141 -44 107 221 79 -87 115 -3 157 -76 239 -221 -162 28 29 -152 35 33 192 -69 214 -220 80 65 -74 149 -114 185 50 -246 233 25 -170 200 -17 234 -77 126 -148 -101 -115 -188 -165 -200 131 -194 -174 -161 89 88 -128 -234 -135 40 -91 -245 62 -109 199 225 -67 -242 -236 227 -14 219 198 -206 -167 -127 93 -104 -244 -31 -18 -247 -10 -134 -42 -85 119 179 76 -189 -70 -94 69 -124 -243 49 -209 -63 -81 23 -217 -12 -1 -249 182 -144 -222 64 15 174 -187 140 181 133 -16 177 -102 102 105 106 -226 -117 208 -166 -98 246 -130 176 -93 184 -212 193 -224 -80 139 -146 43 -103 59 66 -213 -95 -28 56 -22 21 -215 -5 -11 38 205 -142 -64 -137 45 4 122 -126 -9 36 129 -208 -159 143 -26 84 187 -111 -223 -58 -138 104 -78 -56 245 -53 -133 -107 -203 46 125 7 -153 77 150 -248 216 207 60 48 -21 -155 -49 -227 -66 134 -228 224 195 -178 222 194 -83 68 31 -25 -123 -116 -190 -214 -195 -86 -147 201 -179 210 -13 226 -45 86 -97 217 -151 135 -112 -230 -96 18 54 243 127 39 -164 213 -90 -118 118 -6 -176 -65 211 240 -55 -197 -199 -121 16 -19 204 209 -106 151 -238 -183 57 -8 196 14 -207 154 -120 -185 -140 -105 -141 197 75 188 90 -168 138 -201 -34 161 -41 -110 -192 248 -158 -181 137 162 -62 -73 -225 -20 22 132 9 244 71 -39 -88 -154 236 -150 83 163 -84 10 -79 238 -193 -15 20 52 -60 8 230 -191 72 112 42 13 -204 -52 173 190 155 87 19 -198 67 152 61 -61 172 120 32 164 58 -4 81 186 130 -210 85 -172 -173 180 206 -36 124 74 202 -99 228 -119 160 27 -149 237 -139 166 212 -23 242 47 -229 -35 1 17 96 98 148 231 109 -7 -29 -57 -46 92 -89 -132 -177 170 136 -235 -59 103 -136 111 101 -171 -186 53 0 223 -157 94 24 189 -231 169 30 5 99 113 91 -72 -219 -145 -237 -24 -129 11 -33 -240 249 -47 55 -68 -108 -82 128 203 165 44 -182 34 178 82 167 -125 -169 247 -143 -250 6 142 -205 -2 110 -51 -71 95 3 229 -184 171 -50 2 241 -160 26 -239 -202 -232 41 215 -75 -113 70 116 73 158 97 -131 156 51 232 37 108 -241 123 175 -48 147 -100 -175 159 220 -163 144 -196 
TEST 16 ARG:-249 243 209 39 206 -4 -2 51 -114 230 -70 -140 146 -155 -231 -235 3 -139 121 30 100 164 -150 107 -225 -237 246 -147 -64 202 169 52 -125 -83 190 73 225 84 129 -187 -153 -176 -152 150 167 37 20 -205 7 212 -149 -95 -106 19 38 -134 203 -220 -177 -159 -55 -104 216 -248 -46 -184 177 241 -213 -102 -84 -202 -132 48 245 204 74 -173 105 -51 -72 49 5 191 68 -201 53 -62 218 -243 -199 69 -96 -117 -126 -105 234 77 181 186 198 -109 211 102 -91 -94 -236 149 -69 113 148 86 -174 -27 -71 59 -68 98 -6 65 182 124 67 131 -110 138 -222 -56 -223 -53 6 -22 215 17 -230 137 -25 -47 -124 41 235 22 -123 -23 142 162 88 -93 -180 -78 82 -115 227 128 -48 -8 -160 83 -17 123 46 -209 -144 143 161 114 -30 -14 -167 -228 -89 78 75 -217 31 110 90 71 -119 220 -162 -207 97 -175 -108 236 -232 111 -86 -178 96 229 -179 -1 44 25 -32 55 -141 -12 188 -164 -57 80 -15 156 185 -87 193 -244 99 35 -183 -233 95 -250 -45 -128 -130 13 66 -76 -42 23 9 -39 50 92 249 -111 -49 1 -247 -90 2 -33 170 -24 -36 179 -200 178 247 112 -188 141 194 -85 140 -73 219 237 151 33 207 93 -66 152 -191 -133 -99 -29 94 -34 183 120 61 139 63 -221 -224 -196 76 201 109 -101 -146 154 -13 -190 -122 16 145 18 106 -208 -240 -28 -127 -10 189 40 -186 -245 125 -21 -65 26 136 -3 232 -143 213 244 -74 -63 221 -103 12 -157 118 238 -238 -135 248 -98 175 -7 -194 -214 -52 42 -226 101 126 -75 -193 -172 -116 -121 29 -181 -131 -163 -31 -16 0 -234 -129 -35 173 -59 171 222 228 34 -168 -43 -113 -142 -145 -82 -185 132 -212 195 21 199 103 223 -227 45 -118 -210 192 117 135 -197 -192 153 -26 172 -58 210 119 174 47 -241 57 4 233 -61 58 -154 -77 15 -44 239 -20 70 -11 91 -19 -18 226 24 28 -216 43 205 -88 -38 64 -112 157 85 133 -218 197 10 -156 108 -60 -107 130 -206 -211 -40 -229 27 -170 159 214 -198 165 155 166 -151 122 -97 115 32 -239 116 -41 -219 -242 -9 158 -182 -50 242 -67 -195 14 180 160 -120 56 -246 224 163 -80 54 147 72 36 -169 8 -158 127 134 -92 -166 -189 62 87 11 187 -138 -79 208 -203 -171 89 196 -148 231 -137 -215 -5 184 200 -37 -136 -100 -161 -54 217 -204 79 144 176 240 60 81 -81 104 168 -165 
TEST 17 ARG:-26 -249 85 -48 190 -205 -183 236 162 -175 -204 -106 220 249 58 -16 -8 131 126 -11 215 -179 78 -230 -110 35 247 -75 40 -167 77 235 -165 210 -222 -118 18 221 -122 -63 169 59 -203 27 -55 193 -209 -58 244 69 -136 208 -10 -93 13 -164 -124 122 -40 -146 -195 132 239 87 -76 -69 12 -156 19 -52 232 -247 -111 21 -102 151 -3 -80 57 79 2 206 -53 -117 -74 -160 -134 -152 97 -241 -142 15 -137 -81 60 165 23 183 -248 -211 121 128 185 145 -174 -171 -170 241 -238 75 174 -184 152 89 -79 181 -20 -29 113 207 -157 73 -197 -140 -180 -99 -54 42 129 102 -56 14 -237 84 -182 -220 98 222 188 -89 -47 154 -127 -103 -201 -219 217 -199 112 -97 -250 -15 86 -185 -214 -139 -96 116 25 142 -21 -187 -186 -6 56 140 82 -72 -33 -148 -68 -212 -229 29 -221 242 163 -208 225 64 -51 127 39 146 45 194 -192 219 53 172 212 -86 -65 -90 -158 176 -57 -13 106 143 -213 -45 -141 227 -190 -133 -5 133 -71 94 -231 76 -19 -210 184 192 119 125 175 205 20 70 9 -83 -94 48 -202 105 -28 -189 -218 7 -168 -143 -91 -223 4 -12 -225 237 -61 124 -24 -14 -87 168 118 197 187 201 231 -125 223 61 1 233 243 38 228 -120 209 204 -194 74 28 173 -66 -198 -41 191 -243 -162 30 -188 37 -239 -112 72 -181 26 229 160 -104 159 -88 65 123 -115 136 -116 -193 148 -128 137 198 -123 71 -1 33 -176 238 -147 -18 246 81 -43 44 83 -38 224 164 -228 200 -46 -207 195 -138 10 -105 -27 -78 90 230 -77 68 245 -84 66 -149 -39 -242 16 178 -233 108 -245 -217 67 -178 -163 156 -49 17 55 51 -215 49 -145 99 -227 -101 -234 -126 -64 196 135 -191 216 -82 41 -200 -100 117 218 -85 -173 34 93 107 -119 -17 -67 -7 88 -109 170 3 -135 213 155 109 -95 120 -42 -32 134 43 -216 -22 -37 -113 157 101 177 54 179 182 144 234 147 -150 186 158 -154 6 114 36 -153 -131 -169 -196 52 91 202 0 153 5 104 -50 80 31 -206 111 -36 -166 47 -132 8 -121 100 161 150 138 -129 166 167 11 199 -31 -155 103 62 -44 240 -98 149 -232 115 203 248 63 24 -23 -60 96 -144 -62 -246 -151 -130 46 -172 22 50 -70 110 -25 -35 -161 -34 -30 32 171 -108 -224 180 -177 214 139 -92 -4 211 -114 95 -236 130 -244 141 -159 -9 -59 -2 -226 -73 -107 92 -235 -240 226 189 
TEST 18 ARG:-99 -127 100 151 -59 167 -149 86 3 243 169 -78 63 33 125 112 -193 212 -8 8 -209 24 -66 -222 -2 117 -126 -53 130 101 -94 220 155 139 138 -198 -47 105 -213 -102 26 17 -246 -180 -240 120 223 27 -12 134 186 170 214 181 0 200 187 -186 129 -244 -237 -189 -83 -174 78 -217 37 -122 -155 -68 108 -5 57 -95 -196 -6 -144 115 -152 -45 31 94 109 -242 -22 11 197 -80 126 127 121 -140 -166 -221 -37 -110 -23 160 -131 -243 106 -11 140 219 -161 -191 50 -84 -169 -184 -16 -85 178 -90 -123 -38 12 143 -101 245 -148 62 -70 41 97 -26 -200 -100 -199 -1 -10 45 85 -182 -145 204 -129 -133 -108 -167 -210 233 227 -238 5 239 133 241 -93 -117 -147 -27 -160 -17 221 149 234 -175 53 42 -69 232 25 203 207 -236 226 60 -107 104 163 229 -206 209 49 222 -65 161 40 -44 -112 -3 -165 -77 87 -114 -74 38 -176 192 -249 180 174 137 152 -56 74 35 93 183 -35 153 88 -130 215 -179 118 -212 191 182 -106 10 -87 136 30 -181 -61 -19 -216 -232 15 -188 73 210 246 -247 206 -82 158 208 52 89 72 -57 -21 177 173 -138 -132 -178 -230 82 -192 236 102 -185 -79 114 -103 61 1 71 157 199 -141 -88 -58 -120 -172 103 -34 123 77 43 -50 148 216 237 211 -63 -109 59 -30 244 -75 -233 51 198 79 111 -24 -241 -67 -36 -231 -115 -32 18 -40 150 6 -62 76 142 39 196 13 217 159 -25 168 -168 -143 194 46 189 124 190 175 162 44 154 23 195 202 -124 22 96 -7 -207 -121 65 -39 -136 92 83 179 -97 128 147 205 113 -18 -190 -157 16 -208 -187 107 -48 141 -211 -20 -71 119 -135 -116 -218 -28 -31 -4 -91 21 176 -76 -248 -239 225 -49 -64 -43 -14 164 193 -104 -250 -55 247 28 -81 -220 -60 172 -173 -229 -15 -235 -113 -72 32 64 132 56 -29 -119 -54 29 -204 68 135 -137 -197 242 80 171 156 14 231 -151 70 110 144 -105 99 -92 224 -51 -89 249 -9 -42 122 -98 -118 -224 -225 185 -128 -163 -125 98 75 95 -134 -194 -150 -154 2 90 184 -41 201 36 -156 -245 19 -146 131 -223 67 -86 213 228 91 -203 58 -46 235 48 166 248 146 -228 -13 -159 218 4 -33 238 81 -171 188 -96 -195 116 -142 54 -226 -183 -214 66 84 55 165 -219 230 -234 -177 -170 -73 -153 -202 -52 9 -162 -215 -139 -227 20 -164 -111 145 34 7 -201 -158 47 240 -205 69 
TEST 19 ARG:107 -193 5 -220 -113 -56 6 -136 137 57 58 -189 172 -81 212 -92 169 26 118 209 45 175 -120 -106 -63 -162 -32 237 -209 -80 -23 229 238 104 44 -203 112 190 20 -178 36 -172 154 -82 164 234 -154 54 -212 208 -132 -68 245 82 -157 129 62 -195 49 -102 195 79 -38 124 239 90 128 -199 -99 230 -31 -58 -2 204 -111 -130 -192 136 69 -14 -20 67 -235 -66 -200 -118 -139 225 -230 -242 -171 -103 -201 -4 -179 63 32 144 -231 199 -182 -77 -246 -222 -187 37 68 170 188 -121 -243 -168 166 89 98 -232 -240 42 -49 173 23 -47 -15 109 127 -176 -3 48 106 10 33 -25 100 -85 -97 192 -177 -11 -86 -161 218 25 -9 -207 -219 243 -184 -30 142 147 -107 143 156 -71 19 3 -18 -109 167 123 -156 -33 -218 158 29 210 206 -112 53 202 -152 -73 14 231 -34 21 -61 191 -181 87 64 -137 -51 -183 -100 153 102 -55 -122 200 -5 -167 159 15 -46 -21 -141 216 73 179 -234 116 246 -125 205 -238 50 -10 -42 7 145 86 242 -213 95 162 -149 -75 -216 -110 -1 -190 114 198 -90 146 117 -170 248 46 165 207 -151 108 43 -197 24 174 -188 81 148 -204 93 80 -70 196 2 182 131 213 133 220 139 185 -245 140 -191 -39 75 12 -123 -79 -101 56 -138 149 72 -185 -93 -158 74 181 115 -78 -135 85 -84 38 -72 -114 -244 -13 233 193 217 27 -236 -124 -91 -53 59 13 28 236 184 -226 41 -241 226 88 -233 189 161 126 30 249 16 17 -174 103 -221 -126 -239 -217 203 -164 -98 -129 -43 -127 -52 -94 215 -19 -237 219 105 194 201 97 186 -196 -147 176 183 -17 -150 -37 -7 76 -41 84 -50 187 -104 -62 -148 177 -134 78 -67 -247 157 60 163 228 -227 99 66 -202 83 132 -249 0 160 92 -119 -180 -29 34 -95 -175 -27 -205 47 -26 -159 211 61 -229 -225 235 222 130 39 -155 -115 -65 -105 -6 -223 121 -165 -35 -117 91 -69 77 110 -54 122 155 96 232 168 -206 -60 55 -116 135 -108 125 -12 -198 52 134 -74 244 -8 247 35 11 -133 -208 120 -128 227 -59 -160 -131 -153 -248 214 180 -228 40 -145 8 -24 22 113 -142 240 -64 241 -48 -140 151 65 70 9 51 138 223 101 -163 -250 -83 -224 -88 4 178 -186 111 221 -57 -166 1 -76 -45 141 171 119 -211 -44 150 -36 -89 -40 -146 -144 -194 18 -143 -210 152 -28 31 224 -215 -16 -169 71 -22 -87 197 94 -214 -173 -96 
TEST 20 ARG:1 -158 -41 -78 33 -236 -72 -170 205 -154 177 215 97 225 -53 40 186 -19 -203 -162 -99 243 57 -11 73 -247 -95 -195 -197 -62 -45 -54 -40 10 -48 -24 -223 -192 -112 -116 168 -157 179 -50 -123 14 69 233 146 49 98 -141 -189 -47 226 -80 89 -199 -152 142 -86 111 -79 -239 92 24 -83 -159 -15 59 -87 83 157 -218 121 -181 -185 61 213 -10 176 -25 70 -219 -115 -179 187 -206 -82 -245 53 124 100 8 163 -97 188 26 106 -175 72 -31 120 207 137 -171 -173 -136 -248 74 -121 211 -233 203 217 -8 189 -14 -46 50 -134 -244 -70 -9 -186 -149 192 -104 -151 -117 71 199 -12 139 58 2 -232 -208 -168 155 39 -125 182 201 35 -202 -176 54 -144 -113 64 34 67 165 102 127 -30 -114 -102 178 -180 151 -23 -241 52 17 11 -210 136 95 -34 159 -94 18 -216 154 116 110 36 229 -119 126 -128 -222 216 -122 15 131 -209 -215 -183 51 -193 158 -246 -51 122 194 56 96 141 37 171 -137 224 -153 -89 -16 -76 190 -56 4 128 -55 -211 -69 -163 -7 -124 -188 0 235 -27 -226 42 -65 134 84 105 230 38 -160 -228 23 -238 -2 -145 143 -28 -3 -66 80 -146 -108 -77 180 -200 138 55 248 -126 206 218 129 -4 -38 149 13 -36 -129 169 175 -138 -98 -32 -143 -205 -101 31 191 160 -133 45 -221 -230 -74 -243 -43 -187 21 -75 -81 47 63 -177 185 174 16 -165 150 -96 101 -166 -204 -142 19 -37 144 130 244 -207 68 -140 -85 -194 81 9 -29 -64 -229 210 125 -91 -120 147 208 -217 238 234 48 -110 76 202 198 66 29 -100 161 75 5 -111 -49 -58 85 -227 -59 -71 -178 212 112 99 -42 -103 -249 113 -131 -213 -212 -148 -18 79 -147 -21 -22 123 -35 221 -231 30 246 172 -150 90 242 -164 -196 -130 -201 231 32 -13 -88 228 -68 91 219 236 162 -184 20 -235 247 78 173 232 -135 -242 132 -67 87 167 86 12 -84 -237 107 28 133 25 44 209 145 93 197 108 -60 -234 -61 -33 220 -107 156 -20 -198 240 196 94 -172 204 249 -44 -63 -73 62 -118 114 -182 -167 -92 -240 170 -250 184 82 -127 109 164 -57 46 -214 181 -17 153 -190 22 -105 65 237 103 -220 -132 245 41 -155 -6 166 7 241 88 104 -26 227 140 60 -39 117 -139 -169 -156 148 3 27 6 195 193 183 77 135 239 -1 43 -93 -191 -90 200 115 -174 -225 223 -5 222 -224 -109 -52 214 119 -106 -161 118 152 
TEST 21 ARG:-106 224 180 39 111 98 174 122 -28 -7 165 78 -242 -112 32 172 -65 -229 76 -78 235 -196 -114 -234 103 131 160 237 164 -1 179 142 0 -156 30 70 -195 -238 -177 -44 75 -26 -72 -185 -68 209 -217 135 208 -66 93 55 203 137 140 61 207 -172 -46 -119 -90 123 34 -184 24 171 41 -130 213 -161 -174 -59 -60 -18 -203 -45 138 173 27 36 -118 -145 240 69 -158 218 -206 -230 154 -2 -19 114 202 105 -99 87 -168 -58 -162 -207 -21 -108 -191 136 -33 -53 28 -80 192 185 159 -110 -15 130 -74 -166 -209 -157 77 29 73 -180 -182 79 -133 -213 176 -199 -61 113 231 152 -201 -241 -111 -128 119 146 49 -101 -126 33 -204 85 126 43 -124 44 -16 -250 38 217 -132 162 182 20 23 132 -5 144 88 -236 -210 21 -50 58 227 56 18 127 -17 -150 241 219 22 244 -127 -188 74 -77 -31 156 153 150 226 -10 109 -187 51 196 -193 -137 -3 2 10 -48 247 -92 -6 -125 -100 -82 -120 -43 183 -154 -13 181 -4 -146 246 -12 66 -107 -134 60 129 -40 89 -96 190 -194 -228 133 -159 223 72 25 -97 42 -151 -173 96 189 238 -200 -216 9 59 6 81 -247 94 -27 -139 -160 -152 169 -192 -71 -47 -83 249 201 -246 -121 7 -231 97 -25 108 102 86 -225 168 -233 222 -9 187 -142 245 188 4 -105 149 -189 -69 -237 -153 15 -64 -122 -176 95 50 175 -208 -141 191 134 -129 82 -147 -232 80 214 -249 -35 210 -102 3 12 -89 206 37 116 -98 -143 106 170 31 199 -169 -214 -51 64 -42 -220 197 -240 16 68 -23 234 -95 216 157 148 -63 -140 -93 -222 112 117 239 83 120 -84 -54 232 -67 229 -144 104 195 -179 200 155 -219 166 65 -190 -175 -149 212 -243 -57 163 1 48 -198 -155 -248 -11 198 -131 115 243 -79 -239 90 -24 -22 -178 -135 100 128 -88 177 -165 -183 -116 -30 53 110 -227 -104 71 -223 -29 -109 62 -181 101 17 -205 248 -186 242 13 -38 -37 92 225 204 145 -117 -115 158 -164 -94 19 8 -244 46 63 54 52 121 -224 139 233 -163 -55 5 -14 -171 161 141 230 -91 -73 -86 178 220 -211 -136 -76 221 228 -87 -138 125 143 -49 -218 124 -81 -41 99 -32 205 35 167 236 -123 -235 -70 45 11 -215 -20 -167 -245 -62 211 91 -197 -34 215 -56 -75 84 -212 47 67 194 147 107 -170 -8 57 -85 -221 -52 -202 -148 151 186 184 -113 14 193 -36 118 26 40 -39 -226 -103 
TEST 22 ARG:-33 84 -90 -52 220 163 -248 -63 -140 164 103 -159 111 -75 46 -82 228 -201 32 236 18 -12 217 37 -68 21 13 -218 231 -14 110 -58 207 171 -212 204 -238 126 -129 -15 142 8 -70 154 167 -161 -59 244 6 3 -220 -116 104 92 -73 135 -69 -228 -49 -42 216 172 133 178 -182 -113 100 -72 0 38 -123 58 53 27 75 -144 78 -186 112 181 73 190 -192 -199 -160 12 -222 -3 -21 30 -202 132 143 -154 -169 166 175 -50 -170 59 54 -243 232 182 -175 -6 211 -133 -96 60 -4 -174 223 34 -171 -230 28 -43 -37 -122 90 5 -193 161 193 -103 187 -44 -236 51 141 -112 186 -157 136 -47 49 -16 229 -158 144 -224 -95 152 160 -250 -197 82 -108 113 -180 230 97 179 -168 -98 -19 -167 -22 185 -232 20 -61 -183 85 -102 -91 162 249 50 11 44 -111 158 -51 81 -36 -173 -121 206 -29 -17 145 -115 -35 -8 108 118 -217 87 -106 33 -221 -26 -57 109 247 94 -187 148 -81 -89 105 106 70 -94 14 208 -219 39 -145 219 -166 238 -245 240 -241 -66 -137 -134 19 -118 69 233 68 134 199 -162 -2 -9 115 66 174 -83 198 -86 -148 42 -124 -18 225 222 248 45 -204 -109 -188 146 -242 -213 24 41 215 197 17 221 -88 177 -185 -176 192 -203 195 -55 -32 -196 -195 218 -155 -5 -208 -74 -20 -130 65 227 165 -229 212 -64 -125 9 137 122 107 235 -7 168 -67 -46 -31 -127 -206 130 63 -142 4 -1 -65 -239 224 140 47 131 96 56 -92 79 127 -223 -105 239 23 -85 183 188 -136 -13 64 234 189 138 -132 93 -215 -235 169 16 -205 -191 86 150 88 -41 55 -76 -249 159 36 -225 -99 62 -131 52 -179 -71 101 -27 -48 194 243 -104 147 -80 -164 -30 -38 -110 -78 156 -87 125 2 -153 -24 205 226 -163 -34 -143 129 -135 -216 -165 -181 -240 -45 35 -150 -226 95 -178 26 77 25 121 -214 71 -194 -138 61 -184 -151 -177 102 -146 -114 -200 -39 -231 139 191 -211 -62 -227 91 -120 -53 15 173 170 128 153 237 -25 210 116 83 -126 -117 89 203 72 -28 -79 74 -101 -190 -147 -56 -119 40 -11 119 242 -149 -23 114 -54 98 -93 201 200 -189 -234 80 -244 -84 -209 1 209 214 22 -10 31 -77 124 120 -247 117 -172 180 48 123 -139 -128 176 -141 -152 196 151 -207 155 -40 -233 245 67 -97 -198 -246 -237 7 149 184 76 246 213 57 -100 202 43 10 -107 -60 -156 241 -210 99 29 157 
TEST 23 ARG:-119 -163 229 -234 -180 44 -199 177 5 -12 -151 116 187 -147 -89 86 122 -30 32 -33 179 -128 171 101 -182 -88 -218 167 -145 -157 39 -46 17 94 -248 -176 113 237 -80 -61 12 66 -153 -31 -238 142 -127 117 -207 -241 -73 112 75 22 -101 108 -50 -126 -24 -230 -124 -43 -201 224 208 -221 -202 -141 129 85 -115 50 195 -107 198 -68 239 80 45 -60 216 103 -70 27 -120 -3 99 81 217 242 118 -42 84 21 -186 48 -197 -172 31 -249 -159 38 -2 28 -112 -17 -59 92 -170 -49 204 -40 188 -39 -75 148 -41 -56 -243 -110 181 152 73 -156 -167 98 -123 176 246 37 -34 180 47 -236 247 159 150 115 -20 139 183 232 105 43 145 209 212 23 -11 191 -65 63 -226 4 -158 26 -150 -125 71 -143 126 -250 -168 79 163 -200 -99 83 65 -237 -149 -206 -106 -7 29 -19 248 -71 -104 -102 207 106 119 -154 185 -25 205 131 -193 234 238 61 -76 -55 -246 -140 89 -57 -224 -44 -93 -187 -155 -92 13 34 186 219 -194 230 120 -189 227 -166 -183 130 178 162 -174 55 100 215 -26 -1 -51 35 -23 243 58 -190 76 9 -72 151 -245 -67 -84 -32 16 -91 173 70 74 -133 -148 -228 -138 -240 -231 49 -37 -9 -129 -192 218 -211 155 -191 -171 62 -86 -87 156 -205 -98 -181 -18 46 143 110 -21 0 -58 104 -66 -52 19 200 77 147 67 -22 78 -4 127 124 96 125 226 161 -108 -242 53 -130 2 -160 128 -47 40 1 14 158 223 222 136 8 220 -162 7 -204 157 135 59 -142 93 -132 137 -219 144 82 18 211 -90 141 -208 114 214 -146 20 134 91 154 57 -118 -217 233 -14 64 90 -74 -139 -198 107 15 121 51 -161 -15 -164 97 -220 -214 196 133 52 -54 170 123 -244 -179 210 184 206 -222 -195 3 -152 228 6 182 194 -85 -48 -216 193 -109 -165 -188 132 231 -184 -225 -212 -111 197 249 -78 -28 -29 -27 24 235 87 33 -5 213 -239 153 -105 -69 95 146 -122 166 -62 -82 -63 41 -95 -35 69 -134 -94 10 -103 190 202 11 -235 -247 -13 68 -210 -175 -113 -144 240 -81 241 72 36 -178 164 199 42 56 172 -213 -100 203 -209 160 111 -229 225 25 -36 168 -185 -83 245 -169 30 192 140 -131 -196 -203 -64 236 174 109 -227 169 244 -232 -233 88 -16 -114 -53 -45 -173 -38 189 -10 -97 -223 -215 102 -177 -121 -135 138 201 -8 -136 221 -96 149 -116 175 165 -6 -79 54 -117 -77 -137 60 
TEST 24 ARG:102 170 -131 225 61 -202 109 135 132 -117 -84 85 241 193 46 229 -247 160 221 75 -116 126 219 -175 -232 56 -191 140 -249 -76 -4 48 99 92 -250 217 230 233 125 -187 -43 156 51 -33 -79 -106 -162 244 139 -99 -50 -195 52 -69 -63 -16 47 -198 235 -86 224 110 -74 59 119 -177 -186 -155 -226 -154 -20 -130 218 -194 215 6 21 -121 -27 -78 -46 213 158 -118 -72 150 -62 147 34 -176 -80 183 101 12 212 -58 -235 -55 159 -92 165 97 -225 -11 98 -159 195 -26 94 -211 50 -23 180 -167 -98 -230 -180 1 -6 -164 -152 33 -128 194 -97 5 -182 209 121 163 -3 -139 43 100 70 206 -142 200 -36 185 -44 136 -12 -229 149 155 146 -161 -28 -196 -77 148 22 -24 54 -115 -60 129 -100 -141 226 -127 -157 164 -51 162 67 -184 18 -173 62 -93 -214 -57 77 -200 20 232 -119 -193 179 -219 238 -179 216 161 104 -163 -197 -61 -134 -248 -110 117 -111 -40 166 93 207 -48 29 -224 114 45 172 -146 203 -238 -75 26 141 -228 38 113 90 -34 196 -68 28 176 -234 -29 -140 -41 89 249 65 168 11 -181 144 228 236 247 208 205 -207 -222 227 -129 -208 -85 -21 153 -170 31 106 69 -10 49 37 91 -241 -89 191 143 63 71 -150 -18 234 14 152 243 222 -149 -70 23 130 -144 -233 -220 -133 -245 -108 17 -135 -172 -25 137 -120 32 0 -183 -38 -160 87 -71 -17 -153 151 -148 -96 -203 134 -185 -221 -217 177 25 9 15 171 -125 -53 173 13 -103 182 -136 231 -192 190 -126 246 -73 68 211 197 123 -156 83 142 -101 -137 -138 -2 -158 73 -30 -231 154 7 186 60 81 -1 -223 36 204 -206 -244 16 -102 107 242 -216 202 96 -169 -88 -151 -124 -199 72 -95 -35 -204 111 -83 -171 -112 -45 66 53 184 -104 116 -32 -227 -113 133 -205 -14 127 118 210 -90 -147 131 105 108 8 -174 2 192 -37 220 -81 -166 214 -122 -109 95 -243 248 198 112 167 -237 -105 44 -123 -5 175 -31 -91 237 -13 -54 -82 -8 10 -66 24 -218 138 -212 178 188 55 76 -94 -67 -168 -165 -143 -7 4 19 -52 -64 82 240 -132 -201 3 -215 -188 -114 187 174 -87 64 128 79 74 -59 199 -22 -178 115 -236 189 41 35 -39 -242 -209 30 80 -210 -239 -19 40 -213 39 201 169 27 103 -145 -240 58 -42 145 -65 -9 78 57 84 157 239 42 -190 122 181 120 -56 -189 245 -107 -49 88 86 124 223 -47 -246 -15 
